31 31 31 31 32 32 32 32 33 33 33 33 34 34 34 34 35 35 35 35 36 36 36 36 37 37 37 37 38 38 38 38 39 39 39 39 40 40 40 40 41 41 41 41 
04 8b 04 08


31 31 31 31 32 32 32 32 33 33 33 33 34 34 34 34 35 35 35 35 36 36 36 36 37 37 37 37 38 38 38 38 39 39 39 39 40 40 40 40 41 41 41 41 
2e 8b 04 08 43 43 43 43 3e bb 4c 67


ba 3e bb 4c 67 
89 14 25 0c e1 04 08 c3 30 30 30 31 31 31 31 32 32 32 32 33 33 33 33 34 34 34 34 35 35 35 35 36 36 36 36 37 37 37 37 38 31 68 55 
82 8b 04 08 


68 90 31 68 55 89 e5 b8 3e bb 4c 67
 c9 c3 30 30 30 30 31 31 31 31 32 32 32 32 33 33 33 33 34 34 34 34 35 35 35 35 36 36 36 36 37 37
 38 31 68 55 f3 8b 04 08


90 90 90 90 90 90 90 90 90 90
 90 90 90 90 90 90 90 90 90 90 90 90 90 90 90 90 90 90 90 90 90 90 90 90 90 90 90 90 90 90 90 90 90 90 90 90 90 90 90 90
 90 90 90 90 90 90 90 90 90 90 90 90 90 90 90 90 90 90 90 90 90 90 90 90 90 90 90 90 90 90 90 90 90 90 90 90 90 90 90 90 90 90 90 90 90 90 90 90 90 90 90 90 90 90 90 90 90 90 90 90 90 90 90 90 90 90 90 90 90 90
 90 90 90 90 90 90 90 90 90 90 90 90 90 90 90 90 90 90 90 90 90 90 90 90 90 90 90 90 90 90 90 90 90 90 90 90 90 90 90 90
 90 90 90 90 90 90 90 90 90 90
 90 90 90 90 90 90 90 90 90 90
 90 90 90 90 90 90 90 90 90 90
 90 90 90 90 90 90 90 90 90 90
 90 90 90 90 90 90 90 90 90 90 90 90 90 90 90 90 90 90 90 90 90 90 90 90 90 90 90 90 90 90
 90 90 90 90 90 90 90 90 90 90
 90 90 90 90 90 90 90 90 90 90
 90 90 90 90 90 90 90 90 90 90 90 90 90 90 90 90 90 90 90 90
 90 90 90 90 90 90 90 90 90 90
 90 90 90 90 90 90 90 90 90 90 90 90 90 90 90 90 90 90 90 90
 90 90 90 90 90 90 90 90 90 90 90 90 90 90 90 90 90 90 90 90 90 90 90 90 90 90 90 90 90 90
 90 90 90 90 90 90 90 90 90 90
 90 90 90 90 90 90 90 90 90 90
 90 90 90 90 90 90 90 90 90 90
 90 90 90 90 90 90 90 90 90 90
 90 90 90 90 90 90 90 90 90 90 90 90 90 90 90 90 90 90 90 90 90 90 90 90 90 90 90 90 90 90
 90 90 90 90 90 90 90 90 90 90
 90 90 90 90 90 90 90 90 90 90
 90 90 90 90 90 90 90 90 90 90 90 90 90 90 90 90 90 90 90 90
 90 90 90 90 90 90 90 90 90 90
 90 90 90 90 90 90 90 90 90 90 90 90 90 90 90 90 90 90 90 90
 90 90 90 90 90 90 90 90 90 90
 90 90 90 90 90 90 90 90 90 90
 90 90 90 90 90 90 90 90 90 90
 89 e5
 83 c5 28 55 89 e5 b8 3e bb 4c 67
 c9 c3
 90 90 90 90 90 90 90 90 90
 58 2f 68 55
 67 8c 04 08
